입력파일의 이름을 입력하세요 : 41
1334
4169
1478
1962
705
3281
4961
2995
4827
2391
3902
292
2421
4718
447
4771
1869
667
2035
3703
1322
2673
141
3253
547
2662
37
3723
2529
2316
2190
288
4040
4264
2446
890
4370
6
4393
4629
4084
3756
4966
3931
1944
4626
537
1118
2929
4833
4639
2704
3977
1673
21
1924
1270
1777
97
3986
4161
2355
3655
4031
2350
1941
3966
1107
3007
457
2753
4945
2209
4221
1422
2506
1413
900
3762
2410
2624
1548
2595
3602
291
4374
4596
2348
4668
3281
53
1418
1900
3127
3728
4648
2807
4310
2813
4309
3935
600
1519
2798
1224
844
4989
3195
3093
523
4314
2448
3458
580
4798
4589
3009
472
3538
1038
3190
2958
4815
4156
1202
4272
328
1362
3875
4869
3844
1881
322
21
3557
2892
75
2600
1003
2861
3401
255
2
4182
2088
3617
4832
4169
721
4976
2368
1425
3434
2441
145
1718
1139
1279
1687
2549
4866
193
3297
3286
4488
2455
3114
1316
786
4313
1185
912
1832
4313
3321
3646
481
3196
2129
535
1173
2044
1292
2253
1154
4745
3186
4474
2168
3787
2958
202
1477
4314
4334
4372
1833
2487
2518
2773
1763
2192
3102
4213
4802
527
1543
1023
3061
1003
2505
2725
3492
2222
3064
4187
2413
4270
235
4711
3896
2285
140
2695
3019
1576
2658
2371
4678
3851
1018
1119
2800
1060
4010
2170
4576
2043
2164
2882
4565
4577
2625
629
423
1902
123
3737
195
1264
1202
30
4011
1411
1153
4790
188
4940
3662
900
3958
3365
1477
1058
2303
4357
1477
1113
4801
4460
2993
4405
1111
2835
1072
3823
556
1626
3526
4337
3869
2896
4617
2717
1585
4423
4229
1559
2296
2053
3584
1654
1457
2532
2607
911
67
4675
2223
3754
2741
1459
3221
1626
205
3850
2279
2193
1637
556
176
1962
881
4413
4855
3142
2611
424
1752
3296
40
875
2818
1017
3112
3169
40
3685
4497
990
4353
3651
2044
335
1192
264
3503
3775
4292
2549
561
1467
1129
2813
601
215
3213
824
3392
2670
3027
75
498
1287
2604
1221
706
4010
2489
2164
2619
2591
1818
750
4975
303
1098
3584
2971
2913
1545
2546
1769
3519
3289
2865
3245
3318
4601
1132
2152
3570
4901
4423
1600
4015
28
347
2943
2409
49
1588
608
1221
4954
4146
2949
1430
748
4536
3035
185
4853
1224
4923
2257
4944
3318
411
355
2549
3584
2964
3075
1142
1948
426
1173
2404
626
4375
1565
4736
814
3256
3936
482
1015
3230
4625
2637
4690
662
893
1416
4008
2233
1303
1303
148
2317
2109
4200
1318
4050
1361
1903
4643
4902
3489
1282
674
402
3831
3878
4008
3971
1945
1504
2685
1698
2722
4037
1461
2508
3959
1515
4937
58
3971
117
4555
3330
212
3082
1085
4484
3380
951
3115
2110
3073
3977
4956
1113
2941
1723
28
4778
71
1974
1333
1153
2168
4676
3650
3309
4686
116
1667
1679
4421
3826
2516
3666
2681
1340
1021
4721
4309
2902
2124
2745
3423
4806
4318
1907
3481
1136
4114
4084
2290
4996
1054
4708
2491
131
1439
4722
1995
269
3238
2918
2659
3486
2462
2158
1146
3037
647
1602
4098
4292
2278
3352
3882
3315
3762
2336
1418
828
1816
4449
658
4520
4560
162
675
2361
1398
3714
1188
3638
75
1521
615
3234
905
4557
4161
2549
330
3350
2925
4737
3337
2393
714
1591
4135
3337
1337
3664
608
4281
4152
3652
4876
3396
1249
4174
943
1941
3419
3805
1216
1615
1064
1893
3509
4695
589
1172
2358
1268
3510
774
910
4182
495
874
4902
4460
1972
1122
1577
605
2594
1343
2481
1672
3428
4762
4408
1908
1759
204
4319
945
3166
1367
1787
556
3447
3283
4331
3583
2723
2018
4220
2182
4490
4324
4677
1643
677
1068
2196
1828
4426
697
3703
1408
4508
238
1443
2501
128
3650
1192
869
2465
2713
3634
972
4901
177
770
4364
1590
2237
2179
169
2042
3182
2926
1670
651
2213
783
2742
4472
3434
718
4867
938
4257
3614
3458
1063
807
4489
1365
2586
2833
3330
3928
2433
1766
4810
1837
1982
4352
1244
1608
1647
4535
3264
3243
2015
189
4812
4523
4474
4891
4854
697
2780
2931
3340
899
3483
2492
3252
1560
1840
2785
1540
3791
3210
1578
971
73
1620
3826
4790
3578
418
159
2924
380
2967
1477
370
4196
3722
4019
1056
1163
3716
452
4954
2862
460
904
136
4198
4387
2240
2006
241
249
1758
4621
2296
678
3579
2577
4007
4081
2678
2753
1784
3093
1172
4929
168
1191
3922
651
2144
1577
4629
874
469
3146
4091
1949
640
236
4487
3162
3183
180
3065
2513
2578
1878
4611
2445
4975
4750
3333
2214
2007
3896
3522
1810
2231
1705
1321
1351
4208
2276
189
2666
3455
4614
4253
1348
861
4082
4197
3752
2296
1021
947
3318
1376
4859
2074
1922
1643
3153
4747
4926
1450
4975
855
716
1561
1473
1550
1181
2699
3643
2172
4981
3476
3247
1671
2372
3989
3165
4658
2206
1948
2171
3396
1020
529
109
1969
1617
1626
4168
928
3118
199
4486
2420
3271
2415
318
1331
3387
3186
4360
3074
2152
268
4885
1311
2677
2768
4413
542
38
2355
1647
3093
987
493
4501
4447
753
84
3525
3964
4872
3656
2593
1080
1411
968
2216
3768
1531
3779
2259
2936
4365
2720
680
3455
4071
3559
602
2905
2375
2885
1080
797
508
340
4058
2740
474
4097
3335
3400
2955
4141
2481
3315
1225
2012
1455
43
21
4512
1018
3717
2650
3335
3169
303
1979
4105
3661
3652
4033
987
1253
1420
2718
1063
652
4769
5
1594
4326
1323
2679
2588
4271
4221
183
3955
4779
3262
3487
4033
2935
993
4975
1001
1807
2669
2671
2998
3597
3838
2372
1028
3801
3490
1601
1197
4771
4301
2721
2421
3610
1741
1812
3015
3393
279
1608
3822
4245
144
1339
4604
2225
1724
2330
3223
4130
4987
3805
750
2338
3135
2209
3224
1737
1920
293
1734
1056
3184
3382
1741
4684
2279
667
4125
2737
2119
737
556
1060
3793
2136
4875
1184
3719
476
3351
1290
3072
2189
1490
4893
2063
903
4176
1695
2468
1083
4515
4993
722
4828
4399
1891
1943
4243
2702
502
687
891
3413
2816
3162
4126
4877
1260
1705
2663
2195
1360
3588
3245
2425
3189
3063
502
4099
2226
48
1570
4458
3456
1531
1819
556
1495
591
3388
2450
1272
4383
1775
3569
2954
3585
333
490
4750
722
4611
338
3258
2352
479
2683
2
4422
1135
2361
2194
3188
4042
3941
2469
4380
4975
61
73
4462
3102
154
1552
4149
2244
3049
4065
4552
3470
1747
869
498
2352
3053
4522
1563
4850
2240
4492
3580
2616
4178
4615
1798
1635
2883
3902
4420
4022
841
3888
1717
3698
1749
389
619
2003
3028
4589
3630
4864
2295
4681
1610
1071
1459
1840
2037
2630
2993
2203
3290
2307
1151
3890
1640
566
3661
3245
2651
4601
2209
2283
3058
175
1787
4287
2504
2138
530
2118
2540
4459
4398
2098
481
4567
3596
2746
2670
1476
4917
1760
3758
2255
726
3034
393
2273
1193
137
3690
3694
2627
989
3879
1149
669
598
436
123
1731
2861
4385
816
1704
953
3223
792
48
3930
4814
427
1604
1474
506
2589
2809
1447
3818
2975
89
66
1840
4676
3641
2651
3187
1085
1250
4755
3128
4277
1424
3872
885
1646
1478
4925
1260
778
3855
2927
134
2675
1334
2737
974
356
2080
2145
1825
3573
3037
4905
1717
4539
946
231
839
829
3394
4645
675
2072
2480
1897
4608
3277
134
4078
169
2478
1138
1426
1677
1724
2700
3862
3448
684
137
3993
2944
821
4643
677
4857
3891
1623
3072
841
2615
4975
700
93
1829
227
1224
2274
2885
2170
2629
1909
1923
4400
4193
4412
767
677
704
4834
621
2734
542
2086
621
2597
4254
3108
2493
1366
2438
819
2290
1339
808
1478
3787
3074
827
1988
1798
4002
104
2056
4833
4761
686
1385
3842
2161
4343
1187
3063
934
656
12
1959
3738
1124
3007
951
4489
441
2013
4855
2093
402
3543
1266
275
532
469
2729
2892
2953
2570
4472
2494
3440
4262
3607
4360
1171
4947
4523
489
2887
1632
739
3522
3160
4705
1259
1687
42
2045
3388
3154
1833
1919
1738
776
4314
3053
1469
4722
4007
1260
3793
3717
1376
1626
1334
4171
3964
3866
664
3000
1100
476
943
3789
1385
1434
4561
4504
3888
2157
123
4074
3837
318
1292
3832
1461
1461
3498
2291
4179
2317
1595
936
2028
2909
2981
1569
1883
385
230
3681
3310
3687
3477
2764
2671
1115
2311
1405
2171
2740
3675
790
998
1604
4631
3388
3718
3259
4609
1479
1300
1853
830
806
4854
1160
2054
146
471
559
4421
1366
1685
329
2860
3982
2506
1979
2887
4469
2540
2266
3509
2317
2053
2258
2843
1466
3140
2937
2512
4551
1817
1292
2530
296
2389
809
1744
3182
1120
1292
4214
1807
3705
2011
1693
1203
2762
1946
1048
1624
2954
1127
3240
127
3817
142
3400
1476
935
831
3537
2922
3029
1211
1880
3293
785
443
555
4270
4375
3640
3040
3834
1539
2796
2262
731
4464
4248
170
2182
3293
3332
2331
1004
26
1738
4623
441
4695
3659
2628
1088
3613
3569
2679
2837
3115
1723
4448
1153
4395
4508
2411
2665
3202
4828
2705
3023
1715
1805
4478
1840
4285
968
1633
348
3032
4910
3982
2306
2860
4527
3343
3233
4171
3942
2879
4512
530
3234
1926
191
1188
2719
224
435
3094
3867
2005
2686
540
2850
4578
2677
3042
811
1143
1016
3804
3368
335
1325
3023
4618
3396
1086
2846
1522
1280
1358
3870
3873
3413
1896
4450
4641
3525
1824
3695
2594
1067
4640
41
2534
3000
2621
293
2717
3943
639
1925
4978
2850
1444
3623
2036
1346
1061
238
1886
299
1728
3751
4991
717
2093
1421
1867
2444
1201
4942
1768
1641
1262
1244
4625
2584
984
3149
695
32
1537
3363
1219
917
1918
2252
1269
2137
424
27
1993
4271
893
1014
484
1495
1293
1798
1299
3493
1549
4314
4069
1865
238
3252
1508
3088
1231
106
2368
258
4647
3238
2723
3706
1156
2351
2118
2097
591
4510
4651
2844
2741
4578
1705
4785
3624
3356
1227
102
4468
3979
2489
3490
3410
2089
1950
122
2672
3277
3976
4085
1751
4751
435
72
1716
1511
1838
3939
1056
2902
4588
2586
4777
1979
2549
3245
4062
4719
4091
3785
2406
1954
4709
2421
3465
1860
3335
677
1005
3388
3143
130
1555
253
2754
2488
2008
940
2997
3454
3237
2499
4613
3682
351
2137
1600
3683
3968
1968
2641
2437
2499
4869
4256
2640
12
820
1663
897
2774
2553
3878
624
3075
712
624
1504
4055
462
84
1122
4397
4750
3917
4931
2505
357
3290
985
1084
3725
4855
338
4428
742
506
53
3505
3609
4854
2239
4209
1499
1036
3647
13
712
1909
130
4034
1286
666
2736
416
1949
844
4285
4590
3325
668
4729
4541
536
716
384
328
1204
2523
1411
250
3483
1141
845
4088
107
857
4199
4155
3990
858
3917
3967
3234
1462
3239
4095
3314
4586
2776
1879
812
3164
2570
4312
1561
3200
1856
2647
4808
2452
2618
4007
4547
675
3709
3642
1336
1501
3129
1436
2897
4798
3105
32
2516
579
1727
1313
1140
3488
589
3259
2271
4364
3012
1759
4574
59
2649
3522
416
1052
4891
3310
55
2224
1439
1648
2834
1441
2668
4176
633
745
1015
4252
3956
1966
3144
4334
1876
1205
4291
3465
2471
3700
2016
4624
1505
1502
4275
2632
1046
1003
1901
4153
4649
405
1025
4336
4793
532
896
2776
4550
3795
2350
36
3760
3729
1050
1806
584
1617
4066
1388
3101
1450
3621
2038
4593
280
167
4345
3865
833
2632
2839
3817
1753
3613
3252
4861
3318
2813
4554
617
429
966
4942
4522
2587
3158
3762
946
3380
946
2297
4464
2584
2715
1206
1302
3833
4067
1645
1354
4919
2988
2592
2197
3652
658
1859
999
4120
2036
4912
3953
741
1567
1844
4681
1108
259
3849
3026
2607
2884
4546
481
149
3338
1793
1105
3217
1641
1133
679
4555
1954
252
279
4870
1072
1701
3086
2480
260
3938
4990
3981
242
1070
4061
3781
2833
1563
502
721
1447
3406
3686
3577
3683
3240
1464
337
2168
255
4858
4656
3201
1276
2702
23
1312
3475
1850
488
1101
4798
3848
245
4462
3258
3871
3172
4441
1088
3976
3298
1283
4997
769
917
20
2442
2389
3480
777
3381
522
979
713
4735
2186
648
4752
4260
1636
4919
1792
4278
1496
1011
2547
3202
1702
1539
2257
1920
4359
2298
3960
4591
2033
2136
2775
4376
272
86
4515
3495
3456
3437
2626
1085
3908
1360
1154
4752
3706
630
3179
3313
2517
4145
1969
4308
3762
3681
3147
2708
1715
1066
4663
541
3631
2514
988
3168
655
3444
1278
4427
2523
3327
3461
4934
587
1463
1126
1495
2406
3859
2496
4223
2879
1126
1585
1371
2107
4087
1519
715
2492
3257
4975
886
865
2019
2313
1028
468
456
2578
1395
1274
24
3585
3971
4095
38
1658
722
1231
2232
590
2408
2702
4818
561
28
713
3092
1467
2358
3987
4983
2264
1746
425
3163
792
2619
4718
4975
4079
3766
808
4825
2518
35
456
4156
3360
1208
2294
2524
4694
189
2419
1702
523
609
1637
2416
169
4899
415
436
378
2858
4846
915
4616
2382
333
1056
62
4524
2442
4872
3396
3582
3775
665
3759
1417
3554
1824
3422
733
4917
1873
1175
985
1622
2395
1720
1988
4072
193
2254
876
816
1090
2289
4979
2322
2602
654
4734
2274
1463
2972
1453
2307
3333
695
661
2659
1907
3472
3592
628
1811
835
3716
4975
4749
3296
3120
1406
3445
1691
538
3104
353
2004
4852
2611
3724
135
146
3855
1741
4381
4102
692
2312
1161
2405
2569
2628
1228
2471
2440
2148
4745
2210
616
4815
1226
2479
2482
3536
1105
732
1165
4518
32
3896
3978
3245
4169
2362
1049
1467
2143
603
2186
3603
1300
423
396
230
1152
3617
786
1597
1224
1260
3425
4312
452
4562
3211
1890
2064
3960
4767
787
4565
2088
2815
837
4269
3830
4640
3319
1626
1411
893
2357
336
950
2405
2334
4094
1270
3017
253
4977
1505
4591
3576
72
3016
4193
1852
2521
1344
3366
4439
4107
3554
2432
2020
1098
3916
4029
3059
4583
1135
70
2342
3877
3295
2403
718
2285
1678
101
2364
2626
2737
3938
2096
4493
2873
4109
381
739
923
1731
442
1850
1040
4223
1467
3400
606
4463
3366
4685
229
4356
3175
1683
2619
2190
2469
4341
3545
2158
794
3341
3900
2675
2438
580
13
253
285
4670
3281
1549
4077
1835
3137
3731
233
2376
2731
342
0
916
4999
4240
3623
2131
1539
575
4363
4726
1424
2389
2024
3745
1483
3392
1324
2740
4468
1843
756
3114
1458
3124
311
1717
2590
4580
2990
4000
3275
4682
106
3644
1436
1592
3838
2212
2446
1052
1256
2057
1250
3145
1148
774
4429
1763
1858
2301
2655
1174
139
4024
1575
376
4424
537
3525
2851
794
1706
1071
1884
4979
158
845
2438
4820
4766
2957
1271
4389
3029
2039
394
4648
517
2530
3148
2990
4743
1301
1927
393
3431
1135
842
3616
3717
920
2166
2782
2006
1870
2195
1763
3592
4217
881
1721
2322
3230
1424
4153
1794
264
3720
388
3213
3658
3753
58
3090
1823
4701
1558
4287
4026
1209
935
2531
3902
3071
9
2794
1736
15
1754
2933
2855
2945
542
487
347
1389
1788
2280
2707
1860
4846
2182
3142
636
2549
2823
4251
2639
3362
2624
4985
1781
1350
170
216
4726
4915
3352
1421
1128
4329
4082
4986
2735
3666
3485
3
1896
2150
872
4770
2165
3120
2128
1621
4
799
269
2235
1344
1382
1395
666
3710
2372
2906
3452
4905
3021
1575
2525
2167
783
3793
4679
1274
2629
2460
1511
2824
2016
4801
4309
67
2225
4140
1655
4449
3760
4836
270
1725
4809
1631
807
2301
3969
1164
4124
2770
3997
4511
265
3379
1028
2432
160
2666
2048
4404
565
2133
1241
2147
3954
3454
1721
688
1116
180
4537
3389
2004
4384
1987
4052
1528
1472
1958
3983
823
1096
3901
4520
3472
1932
824
57
2732
167
690
4926
1479
4703
3833
2910
1027
527
1393
2863
2565
4251
2081
3103
238
2464
1572
1922
867
4298
234
4019
4062
1811
2405
3651
2898
842
84
1500
1155
650
939
1017
4961
3495
4648
171
3695
3637
800
3134
2177
641
4496
2537
4940
1565
2445
3194
2178
1928
149
312
199
2692
2795
2567
2376
1742
103
4047
3965
137
4331
1053
3052
1156
2695
3929
4278
3752
1958
2054
4208
4171
3503
2174
1107
2599
3261
4435
732
4667
3367
1054
4212
129
1977
12
4889
2647
2489
836
4387
503
482
2027
952
646
597
32
945
3224
2195
2632
2602
3282
4437
35
4654
3399
132
293
2649
4204
705
4750
228
4668
3774
1651
2037
189
4074
850
4260
2233
3161
4546
1263
1846
4594
2945
3246
254
760
419
1616
3335
4018
4370
1525
2644
4482
105
3201
306
1593
4591
3223
2700
2322
1762
1268
152
4235
2762
1272
2200
2519
3370
4145
2714
79
1282
2119
2193
516
2888
2425
2769
4814
970
2598
398
1888
4053
741
4662
4081
4618
94
2538
1445
3243
4718
1937
1499
554
31
1429
4556
1875
3910
3132
522
2277
4348
2777
175
1125
4821
3640
4081
2547
2907
3110
2077
403
540
2574
369
2485
3048
573
816
373
2604
791
3010
2364
994
4023
1657
4285
4023
3828
3549
4009
867
1590
369
2604
2212
2693
1620
2662
1100
842
89
2642
1486
2964
1271
4466
3445
2349
954
3281
3757
1114
2832
4943
3232
3239
2589
1209
3795
1912
935
1479
1230
4601
2043
3412
1623
1983
4686
1257
4439
2276
652
4035
3316
3367
1221
1520
4565
4258
1531
1782
1162
923
342
4196
4961
3715
4736
174
1154
882
4769
3301
3604
4161
3595
485
4229
2718
3079
4662
1574
2475
4343
2532
2684
472
3266
2151
2233
4076
3604
468
1417
4616
4066
1873
2510
941
1866
4020
948
81
1825
1173
309
1238
3739
448
2054
2490
4056
589
2536
2888
2585
4167
1560
4581
4606
1784
1960
3732
1843
1923
4740
2443
3919
1112
1845
4556
1364
2508
3338
3005
4193
943
4514
416
339
236
1274
4740
183
4828
437
3577
3722
4659
4368
1848
3290
4458
106
1001
1770
3507
2730
3803
1194
3664
2048
4940
4764
4013
3170
1766
1416
377
3537
432
2105
937
3914
4290
3182
93
846
456
4714
41
3074
344
3749
597
1647
43
3592
2269
1139
4481
268
2666
806
4290
1684
2759
606
2093
583
2557
12
869
1903
2791
1149
118
3388
2711
1874
4125
3370
2727
4336
1221
1799
4241
712
3635
2830
3336
1032
3339
4670
4868
2728
537
3124
4354
494
3865
700
4714
1794
463
1748
1351
3
4280
290
4858
3553
3262
1649
2055
2889
2552
4640
3046
44
936
4154
3756
391
3931
2079
1176
3269
3429
2002
1327
760
42
4393
4940
4284
3798
1201
4088
1652
750
1455
630
4940
165
127
440
389
488
320
3821
1003
4722
854
1425
818
120
488
3341
1500
1222
1552
1516
3486
2737
2901
967
4265
1843
4508
4858
3121
1586
1371
4961
2073
1281
2996
4451
3804
333
504
1453
1333
1921
370
88
297
4940
343
1731
648
253
4693
2451
1599
3212
3849
912
3209
4180
4535
3365
2817
763
2606
1443
2593
4442
833
1502
2559
1007
1543
2751
2395
2541
3220
944
2658
2738
4638
3635
4782
2080
2425
4204
4412
3045
1244
1994
132
2316
2761
2930
532
873
1880
4987
589
560
597
3163
3621
4961
2334
3137
4164
3511
1846
2737
3655
4351
1052
4420
4360
273
2133
4301
387
3500
2709
61
970
3064
2050
3791
2443
4821
2298
1933
4709
2468
2864
1849
3646
2444
1459
3885
768
2606
4535
3364
4351
3625
346
838
1221
3624
4815
3352
1070
3919
4487
2345
3044
162
1115
1502
2804
733
2811
2224
4961
3845
1826
1897
2371
4662
584
418
2719
1218
959
2103
498
1345
2430
1025
821
1235
3393
3348
2692
2800
1431
4695
1753
3192
2819
4071
561
2052
1523
4961
61
2523
828
2953
3682
1157
3292
1776
842
2660
1638
4620
929
4141
834
2270
0
1364
1099
2665
4029
2254
319
2110
4417
3125
1410
2048
4961
3599
155
4537
2206
4414
1293
1587
85
2234
4015
3384
648
555
1781
2427
859
2799
2701
4404
4215
3650
3083
3296
778
241
1006
2670
4205
78
1984
139
4961
3815
4041
63
66
4583
1565
2982
3235
1812
802
1513
3497
3215
1907
3418
2424
1183
4328
2483
2537
1349
883
847
2786
4409
2500
839
668
4485
1022
2735
4827
3061
2135
1479
906
2245
836
939
101
195
3084
4355
2133
4800
1688
1875
304
2843
2857
1875
3190
798
1346
80
2981
2719
2425
770
2510
4232
3618
1237
709
2544
2541
2344
1141
4696
4683
640
4570
3535
4445
414
2917
318
4413
3461
1635
1645
1818
4333
246
788
1008
3835
675
50
4254
1390
979
4754
4022
2267
2410
1552
1977
370
267
617
65
3655
1914
2137
1549
2882
3592
3930
2520
4688
1634
603
1122
760
1930
423
4486
4638
1565
4362
3378
1851
315
1168
98
531
3339
1830
781
4118
4700
606
4790
2399
485
455
2444
800
518
3947
4299
684
4132
1888
4297
140
4545
727
1082
3099
2730
3304
3805
1082
1767
1676
556
2116
3286
433
672
1298
3937
2809
3586
3441
3323
491
2099
1823
3671
3993
1653
1266
2113
745
3488
3377
4083
805
2646
3441
2098
2066
391
465
1806
1396
3262
1726
2893
3569
4218
472
2161
2825
1494
4195
1549
1701
3561
4992
4961
4613
639
1561
4410
1576
2222
2224
1849
3912
714
1808
3981
3298
2145
4466
4448
3531
4695
450
1951
1598
3675
1584
1100
1567
1009
1231
4961
4387
1262
729
4324
4961
927
849
4542
2396
411
2048
3833
4688
2668
2425
1844
4961
3922
1700
630
430
2720
3527
4405
2425
1612
3192
4961
1866
2171
1964
26
1935
3251
3076
3159
596
807
2027
805
4837
1583
137
1341
3621
2278
1434
2229
1930
4730
1632
2670
3063
3815
1509
1741
1408
4748
778
3171
2401
4172
731
1670
184
1727
4688
4197
2895
4961
4373
1719
1915
2883
1859
2596
2583
4159
3061
3603
4961
2193
2876
3738
3780
3078
1868
673
4757
3419
2901
2216
3239
3125
2178
3716
287
4738
4605
3799
2407
4413
785
3348
799
606
1735
1671
2599
4847
2914
2507
3327
320
4961
3386
3552
2524
693
2688
2296
4346
1737
1568
825
3221
643
3670
2546
2252
1020
2476
525
1099
2774
3677
1736
1896
132
1788
4
1727
3519
174
3361
3966
1313
4780
4728
1713
3223
1731
231
632
1382
2644
2457
2268
773
419
883
1782
2436
1052
24
3296
3773
4305
1358
281
1570
4253
1359
797
2718
381
2152
4371
1586
242
509
2662
2242
2592
620
1229
1781
2706
2350
4458
1905
1468
601
3294
2045
39
600
3444
2525
3217
449
674
4185
58
230
2211
270
1591
2661
4696
4961
171
3248
2698
758
3145
2438
1473
1493
404
32
904
4221
168
620
4838
1119
3566
2262
4831
4694
2011
642
3834
4730
1041
411
4737
4015
3117
1999
643
1782
1887
3912
3837
2091
3718
3277
852
3230
3001
2487
3029
987
2327
3477
846
82
3839
4169
4362
4560
905
2720
2441
1339
2124
1005
2989
1482
653
1430
2606
4787
1327
2622
3407
3714
4961
3810
1935
2785
1913
1476
4177
2922
3529
3627
4961
2975
2757
4096
3092
2251
3730
547
2255
3535
146
3036
3505
3278
1281
299
4592
2808
3041
2576
657
3946
1632
1627
1441
637
1637
1750
3540
3827
4046
838
898
221
293
55
693
4816
1238
2675
421
1683
1099
609
3668
1395
2928
4332
1458
4463
2431
3360
3449
260
2173
706
2474
346
820
69
3927
3884
2767
4030
191
3093
2809
1040
3222
150
2262
2969
1001
305
1287
1979
4478
4209
4961
643
4442
1983
1817
3709
497
3742
1367
3103
1755
1856
2262
650
65
4127
4427
1276
1675
4781
815
2760
2581
2533
4784
4444
3374
2535
3935
1786
3320
944
2912
496
1706
1216
2133
976
4665
4098
2619
24
1850
1495
4075
787
4762
2508
682
1495
3935
1559
138
1373
2060
2093
406
4268
1065
127
3114
2750
1728
4970
4025
465
3953
1626
165
1127
2431
183
723
4063
2249
1440
1291
4698
4970
2825
1269
2223
1402
1082
4055
3807
1330
3111
4344
2689
1756
1217
2048
4970
2088
1067
1173
4048
1576
4598
4616
980
1661
3933
4085
891
3288
786
2559
1910
1290
264
74
148
4892
158
1159
2839
1448
1250
3196
4108
3437
323
2041
3630
400
2054
4204
1124
3581
1827
4502
2038
3834
4205
4732
3636
3917
4477
2910
4408
2889
1391
1835
39
1069
1444
4195
395
4316
3022
4970
3772
3790
47
4086
906
1814
467
511
4653
4826
1929
3527
3886
4047
3470
1605
2971
2242
3842
3225
1718
351
857
975
1351
750
1747
2290
3717
3760
4092
1199
3849
4970
444
4486
2364
2332
4145
2709
1747
4319
2136
1244
2490
1546
48
3962
3719
4970
3287
766
290
636
2995
4463
1620
1133
955
421
2501
3916
3738
4397
4588
470
4115
1465
4874
4337
2848
958
3671
4682
1065
820
204
4197
3643
2978
2624
2473
4678
4719
4970
4321
223
1186
4766
268
876
4970
1753
838
4322
3911
387
237
578
1864
1694
4365
2184
106
2000
4389
411
1807
227
2943
3112
677
55
1435
2959
1811
90
597
4107
1415
1094
355
1934
3611
3403
4200
660
2723
2032
2787
739
1137
2463
4801
1913
314
2998
1598
3790
2374
448
1184
926
3235
3977
2205
3920
3458
598
2808
2066
3505
2290
4440
402
543
226
57
646
4668
3386
1649
813
3358
437
3875
4876
1429
1010
4784
3435
4840
3529
2633
2637
445
2994
3734
275
1925
4855
2378
3433
2725
3125
4189
3935
719
3614
313
3026
2727
2466
3965
4473
1750
1953
4509
3600
3611
4970
1568
2960
2373
2360
2385
3485
2946
1696
1894
1119
3627
3461
2652
90
2965
284
953
2110
497
4112
3256
1231
3501
1438
3265
3469
386
802
471
925
1708
137
3728
1831
2293
140
4688
4559
530
2676
638
860
3060
2328
53
4139
1728
1304
4970
4813
391
3646
3559
1773
2207
552
4460
3171
4720
1088
1375
1612
3649
4628
583
3127
0
1990
4638
2793
4373
4970
300
827
3872
4289
693
2999
2366
642
3567
3854
3992
2226
45
2548
444
1975
3847
3098
1594
1067
991
1268
1512
1812
1677
4617
47
3340
1484
4814
1500
2682
370
1498
3864
3023
3764
467
2919
297
4665
1888
4970
1244
1850
605
3428
420
3032
1387
1464
380
1702
4653
3227
2954
1866
2147
1137
4312
320
2555
3086
2741
648
3667
1146
3594
2075
1729
4508
2494
506
2955
2444
1778
31
3303
528
3589
3849
4788
3400
4514
44
2375
3106
2397
159
2415
2822
873
396
2105
3387
2141
3388
2277
752
4682
2585
584
1868
1999
522
4712
3631
2454
1490
458
4727
3964
2905
4207
3396
341
634
1426
4970
869
1411
1804
503
2608
4040
937
1347
2091
1160
1425
1330
1888
3638
4970
1655
502
2761
3965
4501
3815
53
4431
2089
944
4264
3627
2755
3885
2238
2415
2056
1019
1862
4779
3731
3251
498
138
3991
2413
3451
3286
142
3355
1658
961
1374
538
1656
3373
31
2253
2623
36
3366
2546
2303
3952
1933
1482
2242
2869
1136
805
4672
4970
1210
2388
4868
4413
4726
2085
2829
4188
838
1915
2222
1468
2143
1028
790
4741
4347
1081
2489
2403
2390
3168
3317
4167
538
1925
2182
628
3396
2341
546
4027
4724
986
1397
2616
3344
3163
1015
1843
1217
4017
57
2536
3700
2274
1828
2958
2427
3921
2089
3043
2146
828
2218
2943
4027
2085
1672
2685
66
1354
2643
1150
209
1398
182
1685
3253
4621
1111
4970
1623
4723
203
2117
469
4970
584
2065
630
4087
4970
2621
1465
2158
4766
1496
3703
4683
1714
2415
4970
2725
1667
249
2218
2358
469
475
4246
3517
2071
2501
2625
4970
2388
1243
2184
4639
4260
253
2237
2971
4497
3184
1099
2940
3106
3498
2790
2125
2995
4578
4201
4413
3546
478
3918
684
2356
1458
4730
3826
4766
4544
102
288
4421
635
2199
2213
3135
1562
302
1115
263
2092
4881
2040
1301
702
896
4970
979
2014
1673
4066
3985
764
2629
111
2322
187
4497
372
2613
348
3550
1659
1029
1324
1321
1225
4409
881
3107
4970
1685
1393
794
3008
3727
707
4970
2650
819
4483
3573
4644
4970
2491
3752
224
463
1901
1955
1596
4251
4010
2153
1891
2252
726
134
1130
1667
17
2011
4970
2050
1215
4970
4711
1680
3569
3535
3092
4049
2594
1444
3259
2956
2891
4605
4757
1028
4970
4129
89
864
472
408
4663
2818
3177
1678
4464
3803
1626
1991
2492
1030
1375
3493
162
4537
1888
363
3636
2519
1106
3750
640
4970
45
1126
3296
1880
4829
